[[1514,
  361,
  1366,
  1457,
  674,
  1512,
  413,
  1182,
  1514,
  1468,
  406,
  405,
  1326,
  1261,
  1359,
  1388,
  1464,
  411,
  1456,
  1514,
  1315,
  1416,
  1397,
  776,
  1514],
 [1514, 1221, 697, 1302, 597, 1514, 272, 1313, 273, 409, 708, 408, 641, 1514],
 [1514,
  1371,
  298,
  1422,
  1514,
  1322,
  1176,
  1263,
  436,
  1514,
  1050,
  1416,
  1514,
  1255,
  1255,
  1514,
  1397,
  1416,
  1339,
  1426,
  1320,
  1514,
  1509,
  1278,
  807,
  1233,
  1514],
 [1514,
  1226,
  1170,
  362,
  1106,
  231,
  250,
  1127,
  1507,
  1514,
  1213,
  1480,
  411,
  1475,
  399,
  1392,
  1317,
  1514,
  1478,
  1486,
  1340,
  1377,
  282,
  1514],
 [1514,
  251,
  286,
  1207,
  1037,
  1035,
  951,
  1514,
  1238,
  1193,
  1236,
  1343,
  1500,
  1370,
  1514,
  1368,
  592,
  1514,
  1497,
  1497,
  1514,
  1295,
  635,
  1423,
  592,
  1514,
  1020,
  557,
  708,
  290,
  358,
  1065,
  995,
  312,
  1514,
  1309,
  1328,
  1194,
  1404,
  282,
  274,
  1514,
  1046,
  312,
  656,
  1159,
  1269,
  1514],
 [1514,
  1408,
  529,
  529,
  1514,
  298,
  769,
  529,
  1490,
  1294,
  1381,
  1508,
  1514,
  268,
  628,
  1484,
  430,
  1514],
 [1514,
  1411,
  663,
  249,
  1417,
  257,
  547,
  1514,
  1276,
  1276,
  1514,
  301,
  736,
  1426,
  581,
  1462,
  1514,
  1344,
  1177,
  1514],
 [1514,
  1256,
  364,
  753,
  552,
  525,
  611,
  1514,
  1398,
  285,
  1331,
  695,
  555,
  632,
  1514,
  1393,
  1393,
  410,
  1390,
  1311,
  1113,
  711,
  1069,
  1033,
  1514,
  1121,
  945,
  1208,
  1514],
 [1514,
  1334,
  1335,
  435,
  259,
  554,
  540,
  549,
  999,
  1394,
  1514,
  695,
  1440,
  1402,
  1514,
  1412,
  1503,
  1290,
  492,
  1460,
  794,
  1514],
 [1514,
  1301,
  1192,
  413,
  397,
  659,
  1445,
  417,
  1514,
  1287,
  1377,
  1187,
  392,
  260,
  1514],
 [1514,
  1336,
  360,
  1327,
  1514,
  958,
  526,
  1429,
  1514,
  1185,
  581,
  531,
  359,
  438,
  545,
  882,
  1514,
  1409,
  783,
  437,
  1259,
  1514,
  1487,
  609,
  437,
  1514,
  1222,
  1356,
  1332,
  1514,
  1032,
  407,
  528,
  1514],
 [1514,
  355,
  354,
  1036,
  877,
  1146,
  1061,
  993,
  1514,
  993,
  247,
  1514,
  776,
  1432,
  1303,
  1189,
  1450,
  1203,
  258,
  1514],
 [1514,
  1266,
  1157,
  1157,
  1235,
  414,
  1293,
  1424,
  619,
  307,
  417,
  1499,
  1224,
  406,
  1514,
  1347,
  398,
  535,
  1441,
  542,
  1284,
  1514,
  911,
  702,
  279,
  1470,
  1514,
  882,
  528,
  706,
  906,
  484,
  1230,
  1482,
  483,
  1158,
  1516],
 [1514, 412, 1385, 416, 1181, 1329, 1433, 1514, 1290, 1251, 1514],
 [1514,
  931,
  294,
  841,
  256,
  1514,
  1220,
  759,
  415,
  1264,
  1276,
  1199,
  1455,
  1514,
  1379,
  1352,
  1514,
  935,
  1514],
 [1514,
  1428,
  533,
  289,
  524,
  359,
  359,
  1437,
  1488,
  1312,
  1448,
  1516,
  907,
  453,
  1449,
  576,
  1355,
  422,
  418,
  1292,
  1160,
  990,
  1516,
  1217,
  1492,
  421,
  1346,
  1200,
  1493,
  1088,
  1516,
  665,
  235,
  652,
  1215,
  742,
  1514,
  1357,
  1403,
  1319,
  424,
  1232,
  1514,
  1060,
  867,
  550,
  1514,
  284,
  1511,
  713,
  1505,
  1438,
  1476,
  855,
  1516,
  1446,
  1446],
 [1515,
  866,
  957,
  925,
  650,
  1515,
  1068,
  1068,
  1515,
  806,
  806,
  401,
  831,
  730,
  789,
  789,
  822,
  347,
  608,
  349,
  1515,
  962,
  852,
  230,
  1147,
  341,
  1515,
  891,
  893,
  612,
  350,
  1025,
  1012,
  1515,
  254,
  292,
  543,
  1360,
  527,
  1514,
  862,
  437,
  1209,
  357,
  1514,
  1374,
  258,
  1383,
  805,
  1154,
  485,
  1349,
  1436,
  1514],
 [1515,
  857,
  353,
  255,
  1018,
  1515,
  900,
  929,
  1110,
  897,
  1108,
  1514,
  1095,
  297,
  351,
  296,
  1514,
  1154,
  679,
  1434,
  1140,
  483,
  1514],
 [1515,
  967,
  441,
  283,
  277,
  442,
  1028,
  255,
  255,
  752,
  880,
  356,
  1019,
  975,
  1128,
  1515,
  534,
  281,
  434,
  1353,
  1249,
  1164,
  1514,
  1459,
  1324,
  545,
  1514,
  1444,
  1378,
  1514],
 [1515,
  903,
  536,
  536,
  1515,
  1000,
  1000,
  280,
  1066,
  233,
  1064,
  263,
  796,
  1112,
  1515,
  319,
  341,
  1008,
  1148,
  984,
  997,
  331,
  1515,
  982,
  959,
  861,
  502,
  1515,
  827,
  601,
  829,
  1515,
  582,
  513,
  513,
  507,
  515,
  683,
  475,
  476,
  503,
  504,
  504,
  522,
  501,
  500,
  506,
  511,
  344,
  1515],
 [1515,
  1062,
  883,
  1143,
  1063,
  1120,
  978,
  1055,
  1017,
  863,
  755,
  583,
  626,
  688,
  645,
  738,
  1515,
  1099,
  838,
  799,
  1515,
  924,
  1022,
  1137,
  346,
  1002,
  1515,
  1420,
  253,
  262,
  261,
  1245,
  1389,
  776,
  1514],
 [1515,
  865,
  801,
  1074,
  848,
  440,
  551,
  1138,
  919,
  326,
  623,
  1514,
  1051,
  1027,
  918,
  1515],
 [1515,
  1016,
  1011,
  1011,
  1515,
  278,
  402,
  837,
  595,
  686,
  474,
  472,
  705,
  1515,
  812,
  1515],
 [1515,
  901,
  1056,
  840,
  1048,
  864,
  1009,
  820,
  825,
  1515,
  1059,
  684,
  927,
  710,
  1097,
  323,
  1045,
  1514],
 [1515,
  875,
  987,
  948,
  1023,
  1515,
  980,
  623,
  1072,
  1077,
  691,
  737,
  657,
  1463,
  1514,
  1325,
  780,
  1225,
  584,
  1247,
  296,
  1171,
  1171,
  291,
  677,
  1495,
  1461,
  1273,
  1514,
  1204,
  1342,
  805,
  1514,
  1451,
  302,
  1514,
  541,
  1202,
  363,
  1514],
 [1515,
  887,
  254,
  254,
  1515,
  915,
  324,
  1090,
  1029,
  937,
  900,
  1043,
  1515,
  974,
  1515],
 [1515,
  895,
  324,
  324,
  1515,
  984,
  1010,
  330,
  329,
  764,
  334,
  971,
  1515,
  1219,
  1494,
  1407,
  1295,
  1514,
  1172,
  1504,
  797,
  1166,
  675,
  1514,
  1044,
  1169,
  1183,
  1415,
  1516,
  594,
  809,
  447,
  369,
  373,
  963,
  457,
  1516,
  916,
  916],
 [1515,
  1073,
  720,
  613,
  823,
  828,
  348,
  834,
  770,
  816,
  690,
  802,
  1118,
  715,
  1515,
  318,
  795,
  616,
  1515,
  1103,
  1387,
  1253,
  1107,
  1514],
 [1515,
  1129,
  1100,
  669,
  336,
  851,
  338,
  1102,
  1515,
  956,
  578,
  1115,
  757,
  939,
  1142,
  308,
  1515,
  1465,
  1514],
 [1515, 858, 1030, 732, 1042, 310, 897, 913, 1515, 1125, 1514],
 [1515,
  596,
  791,
  920,
  1117,
  339,
  868,
  808,
  998,
  1515,
  1079,
  1111,
  1149,
  989,
  912,
  425,
  1283,
  1514,
  991,
  890,
  904,
  1057,
  1514,
  287,
  1180,
  1414,
  433,
  1421,
  246,
  1514],
 [1515, 811, 1144, 1078, 1096, 342, 319, 1515, 1116, 1514],
 [1515,
  943,
  1067,
  933,
  338,
  908,
  230,
  1031,
  1515,
  1004,
  1040,
  1514,
  701,
  352,
  1156,
  1180,
  1514,
  550,
  1151,
  979,
  969,
  1514],
 [1516,
  564,
  824,
  824,
  570,
  817,
  754,
  724,
  784,
  239,
  768,
  781,
  237,
  699,
  773,
  798,
  765,
  762,
  636,
  1515,
  309,
  309,
  328,
  333,
  335,
  332,
  343,
  320,
  830,
  680,
  826,
  835,
  1515,
  1498,
  1516],
 [1516,
  572,
  832,
  569,
  914,
  778,
  458,
  917,
  456,
  940,
  938,
  850,
  885,
  845,
  1413,
  1516,
  1321,
  1228,
  1165,
  1514,
  649,
  1163,
  1243,
  248,
  532,
  1514],
 [1516,
  563,
  833,
  574,
  676,
  954,
  236,
  565,
  565,
  846,
  947,
  1139,
  496,
  693,
  1134,
  941,
  892,
  482,
  818,
  1081,
  685,
  985,
  1515],
 [1516,
  560,
  1114,
  727,
  1001,
  1083,
  1083,
  944,
  932,
  1210,
  640,
  1216,
  428,
  1350,
  855,
  1516,
  1348,
  1254,
  1405,
  1304,
  742,
  316,
  1506,
  1514,
  1484,
  1514],
 [1516,
  955,
  562,
  966,
  494,
  926,
  926,
  968,
  1131,
  493,
  587,
  844,
  1145,
  495,
  1516,
  742,
  1237,
  1362,
  725,
  1496,
  1467,
  637,
  928,
  1516,
  1300,
  1306,
  426,
  390,
  1514,
  1178,
  1439,
  1233,
  1502,
  439,
  1318,
  1514,
  1243,
  1485,
  1212,
  1514,
  444,
  1514],
 [1516,
  571,
  568,
  647,
  240,
  767,
  716,
  646,
  631,
  729,
  463,
  786,
  782,
  748,
  567,
  1516,
  1364,
  383,
  1314,
  385,
  1516,
  385,
  853,
  454,
  1075,
  614,
  455,
  1084,
  378,
  771,
  446,
  371,
  689,
  1516,
  367,
  366,
  520,
  376,
  879,
  1076,
  1308,
  519,
  386,
  445],
 [1516, 653, 600, 241, 460, 482, 965, 1516, 512, 617, 1080, 1274, 1516],
 [1516,
  871,
  687,
  992,
  559,
  1481,
  1270,
  655,
  1345,
  1474,
  1288,
  1472,
  1516,
  728,
  1272,
  1316,
  1197,
  486,
  1363,
  1442,
  1516,
  1380,
  1186,
  1250,
  390,
  950,
  1516,
  946,
  389,
  380,
  377,
  1089,
  839,
  381,
  1516,
  1430,
  1257,
  1281,
  1244,
  793],
 [1516,
  869,
  607,
  607,
  370,
  842,
  973,
  1054,
  1136,
  1369,
  1367,
  1375,
  1427,
  384,
  1201,
  633,
  1516,
  566,
  1053,
  734,
  668,
  593,
  1162,
  1132,
  1307,
  1165,
  611,
  1191,
  1514,
  1095,
  1021,
  279,
  539,
  550,
  1386,
  1514,
  1443,
  1271,
  1295,
  439,
  274,
  1514],
 [1516,
  952,
  874,
  245,
  245,
  747,
  585,
  821,
  243,
  661,
  750,
  751,
  1515,
  1105,
  856,
  1109,
  953,
  889,
  561,
  1026,
  970,
  491,
  490,
  317,
  391,
  1453,
  1514,
  1384,
  1514],
 [1516,
  785,
  510,
  670,
  642,
  469,
  1516,
  1123,
  1039,
  909,
  1092,
  878,
  395,
  1489,
  396,
  942,
  1006,
  1516,
  1179,
  1246,
  1196,
  426,
  427,
  1501,
  1471,
  429,
  420,
  1306,
  1418,
  1454,
  1239,
  1516,
  763,
  1174,
  1391,
  679,
  1337,
  485,
  1234,
  1516,
  1086,
  448,
  849,
  1091,
  1091,
  1071,
  1082,
  1141,
  382,
  905,
  1516,
  1310,
  1310,
  1223,
  1406,
  1458,
  486,
  1305,
  1354,
  392,
  1514,
  1167,
  1285,
  1240,
  1218,
  252,
  1514,
  1258,
  1431,
  1435,
  1260,
  1419,
  1299],
 [1516,
  704,
  681,
  681,
  1003,
  876,
  996,
  1425,
  1126,
  379,
  1024,
  1516,
  722,
  722,
  590,
  244,
  579,
  700,
  477,
  621,
  709,
  478,
  598,
  481,
  459,
  721,
  1515,
  972,
  843,
  322,
  425,
  721,
  1515,
  813,
  471,
  517,
  703,
  311,
  814,
  304,
  672,
  303,
  1330,
  1514,
  630,
  1195,
  1206,
  1279,
  1514],
 [1516,
  745,
  836,
  661,
  714,
  662,
  719,
  242,
  624,
  470,
  772,
  499,
  750,
  620,
  518,
  638,
  1515],
 [1516,
  1175,
  733,
  1399,
  375,
  375,
  1479,
  487,
  1382,
  1214,
  1268,
  488,
  1286,
  1373,
  616,
  1515,
  671,
  467,
  573,
  516,
  465,
  505,
  698,
  723,
  509,
  682,
  1515],
 [1516,
  1267,
  1296,
  1277,
  1358,
  1400,
  1483,
  1477,
  1514,
  234,
  1452,
  1282,
  1396,
  546,
  436,
  1243,
  1125,
  1514,
  1205,
  423,
  1323,
  305,
  1514],
 [1516,
  1041,
  761,
  1006,
  452,
  576,
  1198,
  1516,
  815,
  643,
  508,
  498,
  766,
  521,
  468,
  514,
  673,
  586,
  513,
  588,
  1515,
  644,
  1047,
  1447,
  819,
  1515,
  873,
  1049,
  1515,
  964,
  960,
  949,
  976,
  391,
  1460,
  1514,
  1491,
  288,
  718,
  1262,
  1052,
  1516,
  803,
  387,
  859,
  930,
  449,
  1104,
  365,
  860,
  374,
  372,
  884,
  451,
  450],
 [1516, 1133, 464, 464, 1007, 461, 1038, 1013, 988, 1119, 788, 400, 743, 1515]]